y_obs
-9.243118177263028729e-03
7.788594077303684360e-02
2.856694874716456112e-01
3.286231774913165871e-01
4.244328155945387149e-01
5.339300650729912334e-01
6.785498842065084135e-01
7.638893076064191545e-01
8.518747179805323810e-01
9.290949138614180702e-01
1.080529550155435281e+00
1.007627056015267808e+00
1.044638543042791801e+00
1.059041976586690303e+00
1.146752542838542999e+00
1.175132634078111193e+00
1.102190886675763482e+00
1.041725882255280844e+00
1.005360086547460341e+00
1.029520808910052043e+00
9.728447165167261046e-01
8.907018938634021499e-01
7.483318483444167946e-01
7.026308590558260070e-01
5.988756381096387305e-01
4.999242634357414783e-01
4.238185157828685545e-01
2.793995378972395360e-01
1.882644250943996955e-01
4.331530819300896673e-02
-5.911899618896735570e-02
-1.533577597081319799e-01
-3.657468418137843069e-01
-4.123348664675921538e-01
-5.178077187988721075e-01
-6.177407916287865897e-01
-6.838479588132279074e-01
-6.717661590536356808e-01
-8.578261428516031906e-01
-8.253394850024908802e-01
-1.008036997751230679e+00
-9.815438316065152602e-01
-9.882932067936859299e-01
-9.895423182405368445e-01
-9.966699873560068701e-01
-9.971492601295044444e-01
-1.050375375438534764e+00
-1.044113008842847412e+00
-9.585392129159230334e-01
-9.843296443013637154e-01
-1.005291055677851153e+00
-9.588858165186279203e-01
-9.034527333106572300e-01
-7.830025785860624810e-01
-7.468180476818211400e-01
-6.617599608024579139e-01
-6.568114605244907978e-01
-5.640402358650089543e-01
-4.750704745666743944e-01
-4.545484608204594101e-01
-3.477770606727131897e-01
-3.344754079952430570e-01
-2.499180810518507323e-01
-1.812254883105583747e-01
-1.526250651675556957e-01
1.935347733997422326e-04
2.014520327597925375e-02
1.108465713665071628e-01
1.994666689479600852e-01
2.613471791885995099e-01
3.340628148636324846e-01
3.556334302435998906e-01
3.969661404609768907e-01
4.693509460024388180e-01
4.416337861469044057e-01
5.035910587113638925e-01
5.568617116027319014e-01
6.171038386121753261e-01
7.276519010560613676e-01
6.996127234465099320e-01
7.595173782836289744e-01
8.730194156038361131e-01
8.157388717129352429e-01
8.915417564165756259e-01
8.244688920536027421e-01
8.724755645517245917e-01
8.416986415238951746e-01
8.732961893841179046e-01
9.276530556414744888e-01
7.887588926077183649e-01
8.802022332144895378e-01
8.473864166284168498e-01
7.762960464929544724e-01
6.975497472888381179e-01
7.305584124137980417e-01
6.507854601777134373e-01
6.324319317749189651e-01
5.587506980225485087e-01
5.681006555104124445e-01
4.001507038681053618e-01
