y_model
0.000000000000000000e+00
1.119119669068943806e-01
2.229586452071525282e-01
3.322814365918201340e-01
4.390350716188050062e-01
5.423941452250125028e-01
6.415594986497146213e-01
7.357643984249629954e-01
8.242804646579027228e-01
9.064233027682887522e-01
9.815577951373524179e-01
1.049103011753681480e+00
1.108536701887650855e+00
1.159399332065364607e+00
1.201297639121026384e+00
1.233907670856004835e+00
1.256977290794620172e+00
1.270328127670205864e+00
1.273856954568279187e+00
1.267536487063464445e+00
1.251415594179081436e+00
1.225618920538285694e+00
1.190345922628237352e+00
1.145869326628781826e+00
1.092533019729501564e+00
1.030749391239204726e+00
9.609961440460342841e-01
8.838126010815796629e-01
7.997955353469137219e-01
7.095945557422504990e-01
6.139070843763828611e-01
5.134729641906796704e-01
4.090687385907834095e-01
3.015016473151541088e-01
1.916033849635946917e-01
8.022367044401118585e-02
-3.177632294240133326e-02
-1.435306259798481698e-01
-2.541751690979911493e-01
-3.628544632442051721e-01
-4.687282144123967043e-01
-5.709778206857222260e-01
-6.688127015589274693e-01
-7.614764106028147905e-01
-8.482524842085270578e-01
-9.284699811899254085e-01
-1.001508670412580626e+00
-1.066803826339316918e+00
-1.123850595413775855e+00
-1.172207899521704455e+00
-1.211501846348914668e+00
-1.241428620267471139e+00
-1.261756831398159751e+00
-1.272329304686598217e+00
-1.273064295160078796e+00
-1.263956119968945302e+00
-1.245075202325637953e+00
-1.216567527001679805e+00
-1.178653511592626657e+00
-1.131626302278212703e+00
-1.075849507254649895e+00
-1.011754385363888620e+00
-9.398365116569807887e-01
-8.606519456729704309e-01
-7.748129320596935932e-01
-6.829831667786943061e-01
-5.858726654953541058e-01
-4.842322738311720665e-01
-3.788478619241840151e-01
-2.705342481844344449e-01
-1.601288992252186960e-01
-4.848545468139214831e-02
6.353287302000180936e-02
1.750599729046528885e-01
2.852335321071123309e-01
3.932017031604364554e-01
4.981296903687422173e-01
5.992062043377124336e-01
6.956497347574736034e-01
7.867145929375096713e-01
8.716966773735229657e-01
9.499389177676424989e-01
1.020836355409536989e+00
1.083840820637581581e+00
1.138465171214568583e+00
1.184287058847413698e+00
1.220952194728589291e+00
1.248177088850587202e+00
1.265751241913362746e+00
1.273538772877229830e+00
1.271479469577188937e+00
1.259589254275464087e+00
1.237960060552667940e+00
1.206759122489445613e+00
1.166227681634568247e+00
1.116679121757006676e+00
1.058496545803855104e+00
9.921298137987442090e-01
9.180920645833078320e-01
8.369557482951652805e-01
0.000000000000000000e+00
1.348410722043946741e-01
2.668863522829539869e-01
3.933980160085183697e-01
5.117529730460145254e-01
6.194972540556153984e-01
7.143968912445267661e-01
7.944842374110472338e-01
8.580987631027560125e-01
9.039214860013573549e-01
9.310023186759973646e-01
9.387797676772763333e-01
9.270925755313297323e-01
8.961830642491039889e-01
8.466921110265717143e-01
7.796458603096172446e-01
6.964344477353786589e-01
5.987831770874244564e-01
4.887167478812080024e-01
3.685172752843322574e-01
2.406769727857737962e-01
1.078464786906642714e-01
-2.722010216193885765e-02
-1.617223019543443940e-01
-2.928713547346107338e-01
-4.179480186346651860e-01
-5.343589565774533590e-01
-6.396905064766317262e-01
-7.317587260585607378e-01
-8.086546746782358186e-01
-8.687839932568928170e-01
-9.108999616916290121e-01
-9.341293483253776397e-01
-9.379905155148234863e-01
-9.224034058957795157e-01
-8.876912022909944078e-01
-8.345736268438934680e-01
-7.641520183138813538e-01
-6.778864969402760288e-01
-5.775656903381241047e-01
-4.652696481285874541e-01
-3.433267142312109166e-01
-2.142652510271134958e-01
-8.076121634335811650e-02
5.441731980374509697e-02
1.884675683176412764e-01
3.186101339952657763e-01
4.421466434522376421e-01
5.565156931432820864e-01
6.593459574527080758e-01
7.485053557128530377e-01
8.221452587225046571e-01
8.787388181882167526e-01
9.171126243666479771e-01
9.364710355189862501e-01
9.364126747310348442e-01
9.169387520542173764e-01
8.784530394163965195e-01
8.217534988227011006e-01
7.480157374270846038e-01
6.587686325168344847e-01
5.558626318011117284e-01
4.414313862647335496e-01
3.178475110908132728e-01
1.876733919044688004e-01
5.360805631990259862e-02
-8.156878764478918409e-02
-2.150543859787316381e-01
-3.440810509245288418e-01
-4.659735461615151508e-01
-5.782045551027606978e-01
-6.784470822272168355e-01
-7.646227009588701939e-01
-8.349446477222712826e-01
-8.879548686632033894e-01
-9.225542509084687648e-01
-9.380254115504819135e-01
-9.340475718502918578e-01
-9.107032082576169696e-01
-8.684763423457664278e-01
-8.082425051179048525e-01
-7.312505837645425499e-01
-6.390969272612071483e-01
-5.336922477003409604e-01
-4.172220036245466446e-01
-2.921010867723535798e-01
-1.609237517606550150e-01
-2.640982686074835190e-02
1.086516788672776263e-01
2.414604028332623387e-01
3.692626915795745868e-01
4.894086949774774098e-01
5.994073081672995906e-01
6.969778220773892308e-01
7.800972116008930701e-01
8.470420809583619759e-01
8.964243965517613155e-01
9.272202664256601334e-01
9.387911696228010694e-01
9.308971952650031412e-01
0.000000000000000000e+00
1.566259928052753103e-01
3.111633634672301141e-01
4.615513418125740674e-01
6.057844901994734466e-01
7.419394462145372238e-01
8.682005708890185858e-01
9.828841604128895071e-01
1.084460898481334645e+00
1.171576249869540787e+00
1.243068523285573157e+00
1.297984362631515953e+00
1.335591460095474803e+00
1.355388321544181318e+00
1.357110953993779567e+00
1.340736385980755507e+00
1.306482973888534849e+00
1.254807490144852267e+00
1.186399032119057617e+00
1.102169832944770000e+00
1.003243096806421431e+00
8.909380209072617074e-01
7.667522038522797123e-01
6.323416750318846535e-01
4.894988113163616372e-01
3.401284355440403750e-01
1.862224155320459373e-01
2.983310233418588406e-02
-1.269540380507400701e-01
-2.820482345614880870e-01
-4.333812917004212784e-01
-5.789351691123230115e-01
-7.167688923397386169e-01
-8.450444358974145143e-01
-9.620512335126499837e-01
-1.066228988685221202e+00
-1.156188481385950428e+00
-1.230730093434666994e+00
-1.288859805519917856e+00
-1.329802452538698887e+00
-1.353012060495008884e+00
-1.358179127113733342e+00
-1.345234749082192982e+00
-1.314351540882211289e+00
-1.265941332959987342e+00
-1.200649679928891267e+00
-1.119347252038809692e+00
-1.023118224707601387e+00
-9.132458209413221173e-01
-7.911951994364039287e-01
-6.585939165525285244e-01
-5.172102226975809902e-01
-3.689294825444446868e-01
-2.157290335181835661e-01
-5.965181781805758976e-02
9.722086040621667757e-02
2.527970894383728129e-01
4.050022458323863650e-01
5.518066597085722336e-01
6.912526805897233340e-01
8.214807828518078114e-01
9.407543626706750262e-01
1.047482895795139646e+00
1.140243147335415541e+00
1.217798150732396056e+00
1.279113702821465415e+00
1.323372155027636721e+00
1.349983316785147602e+00
1.358592325783402055e+00
1.349084380088801938e+00
1.321586269039180417e+00
1.276464682496220027e+00
1.214321321002133525e+00
1.135984872047112848e+00
1.042499959444781021e+00
9.351132131767312394e-01
8.152566454660746809e-01
6.845285547616177801e-01
5.446722122797682530e-01
3.975526153211673130e-01
2.451316173586637059e-01
8.944176653927955745e-02
-6.744079853388446066e-02
-2.234240343025195863e-01
-3.764278898480089008e-01
-5.244120445633998484e-01
-6.654031160179503246e-01
-7.975209751949080550e-01
-9.190038181863643407e-01
-1.028231660011783122e+00
-1.123747937268007036e+00
-1.204278931537347885e+00
-1.268750754540841630e+00
-1.316303668538068239e+00
-1.346303551009673694e+00
-1.358350350739988999e+00
-1.352283422537100321e+00
-1.328183669451385551e+00
-1.286372463925833598e+00
-1.227407362264705926e+00
0.000000000000000000e+00
1.595074926162392548e-01
3.161716525638929576e-01
4.671998315687678205e-01
6.098998466606586621e-01
7.417279702186030388e-01
8.603342736956550718e-01
9.636045167395586031e-01
1.049697835006430102e+00
1.117079554855802792e+00
1.164548549982129755e+00
1.191258652331648182e+00
1.196733735640030494e+00
1.180876202716207191e+00
1.143968725180588342e+00
1.086669204645637210e+00
1.009999045159270414e+00
9.153249459629945184e-01
8.043345391216015772e-01
6.790063063007206745e-01
5.415743109467189287e-01
3.944883745425233346e-01
2.403704068254624293e-01
8.196766841156546968e-02
-7.789620104727419669e-02
-2.363715162158813998e-01
-3.906333437109241191e-01
-5.379318585151686705e-01
-6.756413615325569388e-01
-8.013070845118808183e-01
-9.126889480085454975e-01
-1.007801492368126661e+00
-1.084949269934001981e+00
-1.142757067588192399e+00
-1.180194420887471507e+00
-1.196593982813118018e+00
-1.191663419698488102e+00
-1.165490622281179167e+00
-1.118542138989131907e+00
-1.051654859388442942e+00
-9.660210960412510817e-01
-8.631673307000142792e-01
-7.449270037021407109e-01
-6.134078316130613384e-01
-4.709542357036040072e-01
-3.201055510003797400e-01
-1.635507608620655473e-01
-4.080563969473579265e-03
1.554623718311796132e-01
3.122340820717466325e-01
4.634400013188063605e-01
6.063847782579661061e-01
7.385203222170675375e-01
8.574912246654029513e-01
9.611767460189287737e-01
1.047728619307310538e+00
1.115603996825956568e+00
1.163592952475934972e+00
1.190840049543316681e+00
1.196859589457174522e+00
1.181544269706471750e+00
1.145167096582403454e+00
1.088376518650225444e+00
1.012184867699834845e+00
9.179503132232581519e-01
8.073526520930919270e-01
6.823633650078464452e-01
5.452104734689823262e-01
3.983388237386185637e-01
2.443665057441842536e-01
8.603818379348114609e-02
-7.382382898711924157e-02
-2.323698803590363016e-01
-3.867737760166149452e-01
-5.342831584782123944e-01
-6.722685697842287755e-01
-7.982703234251515845e-01
-9.100423499747088973e-01
-1.005592234849048250e+00
-1.083216734490848987e+00
-1.141532137877552699e+00
-1.179498932138560940e+00
-1.196440332599542966e+00
-1.192054346942819310e+00
-1.166419158431741820e+00
-1.119991732239314253e+00
-1.053599669724233134e+00
-9.684264558575648163e-01
-8.659903627750120680e-01
-7.481173855137204232e-01
-6.169086923730145999e-01
-4.747031701192152009e-01
-3.240357316924363240e-01
-1.675921296096523350e-01
-8.161080546785656059e-03
1.514154454874050149e-01
3.082928852553584731e-01
4.596747886208412681e-01
6.028626672294118416e-01
7.353040969515446390e-01
0.000000000000000000e+00
5.653609391590729699e-02
1.125591710767531450e-01
1.675608699162721982e-01
2.210420970039298216e-01
2.725175558914425533e-01
3.215201507634706246e-01
3.676052249331153710e-01
4.103545957214949080e-01
4.493803491083127044e-01
4.843283597202081014e-01
5.148815042159994304e-01
5.407625389100958468e-01
5.617366155221024115e-01
5.776134122243402613e-01
5.882488606498459394e-01
5.935464531897283180e-01
5.934581187172750516e-01
5.879846587923618362e-01
5.771757403879815840e-01
5.611294452048932735e-01
5.399913796639760344e-01
5.139533536523472890e-01
4.832516400124957090e-01
4.481648305680752120e-01
4.090113081411013152e-01
3.661463574998239379e-01
3.199589414529685483e-01
2.708681713445242889e-01
2.193195039763353726e-01
1.657806994681627621e-01
1.107375767341953199e-01
5.468960509142150456e-02
-1.854627997735769406e-03
-5.838203192217113202e-02
-1.143796687810723633e-01
-1.693394078571805739e-01
-2.227625364689699849e-01
-2.741642853621927833e-01
-3.230782275767398182e-01
-3.690605108728450823e-01
-4.116938853109923802e-01
-4.505914894386716663e-01
-4.854003607275744203e-01
-5.158046384070121837e-01
-5.415284296305791223e-01
-5.623383129680475934e-01
-5.780454565054389260e-01
-5.885073313333306633e-01
-5.936290048749507386e-01
-5.933640023182134016e-01
-5.877147283349366536e-01
-5.767324452604997154e-01
-5.605168079319418073e-01
-5.392149594054481687e-01
-5.130201957588145234e-01
-4.821702120946705361e-01
-4.469449456604781545e-01
-4.076640356571551438e-01
-3.646839227863823973e-01
-3.183946148557381117e-01
-2.692161477910140488e-01
-2.175947741690159032e-01
-1.639989138566458615e-01
-1.089149035007746930e-01
-5.284258343863148383e-02
3.709237926255480947e-03
6.022740112566131454e-02
1.161990521104596247e-01
1.711162959630002089e-01
2.244808056096076754e-01
2.758083437130666726e-01
3.246331567127899720e-01
3.705122011404949900e-01
4.130291638612023086e-01
4.517982397592892330e-01
4.864676325903339871e-01
5.167227472315001346e-01
5.422890443635286495e-01
5.629345316805287602e-01
5.784718690219694537e-01
5.887600683245953759e-01
5.937057729686601171e-01
5.932641049094979913e-01
5.874390719074409350e-01
5.762835311608175415e-01
5.598987096720329237e-01
5.384332856989967331e-01
5.120820396269442076e-01
4.810840865028375712e-01
4.457207062705821343e-01
4.063127913958233806e-01
3.632179350409572294e-01
3.168271862126555427e-01
2.675615013261999353e-01
2.158679243856185814e-01
1.622155304412495336e-01
1.070911691343798405e-01
5.099504695264721332e-02
-5.563811716518855637e-03
0.000000000000000000e+00
1.082994793913341358e-01
2.160148218476451998e-01
3.225650411042622068e-01
4.273754352433882797e-01
5.298806864746233858e-01
6.295279103001425458e-01
7.257796376181908649e-01
8.181167136802666162e-01
9.060410982658352319e-01
9.890785519712143037e-01
1.066781194123549881e+00
1.138729918523207374e+00
1.204536653984749739e+00
1.263846457483774444e+00
1.316339428619767604e+00
1.361732435068899072e+00
1.399780639720153319e+00
1.430278821257850774e+00
1.453062481067710632e+00
1.468008730496114467e+00
1.475036953676945428e+00
1.474109242350896798e+00
1.465230600331963062e+00
1.448448916518274565e+00
1.423854706592847963e+00
1.391580624807447153e+00
1.351800748482857806e+00
1.304729639084770687e+00
1.250621184939579633e+00
1.189767231832146832e+00
1.122496008871717521e+00
1.049170358116407575e+00
9.701857775051867527e-01
8.859682876532215534e-01
7.969721340164804824e-01
7.036773368194970679e-01
6.065871019612699699e-01
5.062251068641611118e-01
4.031326759051507280e-01
2.978658606643843632e-01
1.909924407393266410e-01
8.308886130128569081e-02
-2.526287608772544852e-02
-1.334783526277393551e-01
-2.409738844714890693e-01
-3.471696709509321521e-01
-4.514929218589949222e-01
-5.533809469188675223e-01
-6.522841907771127490e-01
-7.476691971506889134e-01
-8.390214861401267266e-01
-9.258483291894092915e-01
-1.007681406725242867e+00
-1.084079334141127005e+00
-1.154630042501795240e+00
-1.218953001127163427e+00
-1.276701270067803096e+00
-1.327563371401462522e+00
-1.371264969257379951e+00
-1.407570349506820362e+00
-1.436283691138796392e+00
-1.457250122463532804e+00
-1.470356556446805074e+00
-1.475532300669599950e+00
-1.472749438623142115e+00
-1.462022980282692286e+00
-1.443410781147962174e+00
-1.417013230186817463e+00
-1.382972708365420633e+00
-1.341472820685338796e+00
-1.292737405869799794e+00
-1.237029329040569392e+00
-1.174649063897410750e+00
-1.105933072047447840e+00
-1.031251988225878158e+00
-9.510086211964449143e-01
-8.656357811142487702e-01
-7.755939450694833148e-01
-6.813687734035177579e-01
-5.834684901935872636e-01
-4.824211420350568158e-01
-3.787717499065789695e-01
-2.730793694802127192e-01
-1.659140757323552540e-01
-5.785388811962923622e-02
5.051834709549540836e-02
1.586181005535443611e-01
2.658623125850154145e-01
3.716725380702476933e-01
4.754780664097431608e-01
5.767189997766299925e-01
6.748492730480798452e-01
7.693395991270203238e-01
8.596803237678766196e-01
9.453841745082515180e-01
1.025988888879549643e+00
1.101059707720728698e+00
1.170191720146956049e+00
1.233012047525037458e+00
0.000000000000000000e+00
1.340873628582892885e-01
2.666546341378170926e-01
3.961989548935210825e-01
5.212517360886758100e-01
6.403953073661100559e-01
7.522789885759441075e-01
8.556344018637515036e-01
9.492898507324937230e-01
1.032183603068899558e+00
1.103375927550251490e+00
1.162059746979938968e+00
1.207569787779430248e+00
1.239390121912751441e+00
1.257160015743873371e+00
1.260678019520989901e+00
1.249904251126937149e+00
1.224960848205846942e+00
1.186130583540461636e+00
1.133853659376993450e+00
1.068722717038908643e+00
9.914761184035273400e-01
9.029895754064900526e-01
8.042662224668530868e-01
6.964252443775119650e-01
5.806891885817513366e-01
4.583701056712437549e-01
3.308546752248153200e-01
1.995884856100177129e-01
6.605964596074885564e-02
-6.821808388503444731e-02
-2.017224542387481834e-01
-3.329399826604640955e-01
-4.603831116675980439e-01
-5.826070725433578623e-01
-6.982262640670950926e-01
-8.059299604878357171e-01
-9.044971706663654798e-01
-9.928104799340640163e-01
-1.069868717749214104e+00
-1.134798307542926876e+00
-1.186863170086303265e+00
-1.225473068108548613e+00
-1.250190297566646569e+00
-1.260734649710505417e+00
-1.256986587690748447e+00
-1.238988601697289083e+00
-1.206944727266066053e+00
-1.161218232214683121e+00
-1.102327498429189312e+00
-1.030940145188436352e+00
-9.478654606473848609e-01
-8.540452272804406331e-01
-7.505430452928613105e-01
-6.385322750362045774e-01
-5.192827351195324903e-01
-3.941463070142571246e-01
-2.645416093471028018e-01
-1.319379156222411642e-01
2.161502309449505124e-03
1.362364162059486739e-01
2.687668756170972784e-01
3.982504389183754157e-01
5.232192058545588331e-01
6.422564585025065664e-01
7.540127220015616638e-01
8.572210629778588276e-01
9.507114522307946736e-01
1.033424028857977239e+00
1.104421115448884105e+00
1.162897848136086987e+00
1.208191300995646422e+00
1.239788001357229774e+00
1.257329750826055470e+00
1.260617686026217710e+00
1.249614533030459107e+00
1.224445029918880712e+00
1.185394512676215317e+00
1.132905680458756503e+00
1.067573576901728272e+00
9.901388443618939217e-01
9.014793275692019048e-01
8.026001218732853326e-01
6.946221789036529648e-01
5.787695988163689131e-01
4.563557531895874320e-01
3.287683958868719003e-01
1.974539306800452421e-01
6.390101398291973822e-02
-7.037632141525902718e-02
-2.038558302975967407e-01
-3.350243120681251630e-01
-4.623947652653448981e-01
-5.845232450673103486e-01
-7.000252326818168225e-01
-8.075913310489172270e-01
-9.060021089201897304e-01
-9.941419250337504288e-01
-1.071011575666210192e+00
-1.135739622181606290e+00
0.000000000000000000e+00
7.320336751031811251e-02
1.461693682010367090e-01
2.186614049303588769e-01
2.904444174163609560e-01
3.612856444356926655e-01
4.309553785674249404e-01
4.992277110347401736e-01
5.658812642292635475e-01
6.306999095427782143e-01
6.934734681787060318e-01
7.539983926709239448e-01
8.120784269000510536e-01
8.675252424670519824e-01
9.201590493606790488e-01
9.698091789386190653e-01
1.016314637331990234e+00
1.059524627478741321e+00
1.099299038093218162e+00
1.135508897986388321e+00
1.168036794263554112e+00
1.196777253043524558e+00
1.221637081464735264e+00
1.242535669869341053e+00
1.259405253185427398e+00
1.272191130659792169e+00
1.280851843228801634e+00
1.285359307952176566e+00
1.285698909073809126e+00
1.281869545414328293e+00
1.273883633941748750e+00
1.261767069508620498e+00
1.245559140886236316e+00
1.225312403368160163e+00
1.201092508356170541e+00
1.172977990481194110e+00
1.141060012949508540e+00
1.105442071939942705e+00
1.066239661010589979e+00
1.023579896603211470e+00
9.776011058596680847e-01
9.284523780869012866e-01
8.762930813248719364e-01
8.212923455850272836e-01
7.636285144349144183e-01
7.034885667072223736e-01
6.410675102084016919e-01
5.765677493927979791e-01
5.101984290526588861e-01
4.421747561521423564e-01
3.727173020043329510e-01
3.020512870539893702e-01
2.304058505851769578e-01
1.580133077218012494e-01
8.510839613026621731e-02
1.192751486687297115e-02
-6.129204216193881449e-02
-1.343128556409715624e-01
-2.068981506942934590e-01
-2.788125646436229732e-01
-3.498229101875677260e-01
-4.196989315270611143e-01
-4.882140509852052612e-01
-5.551461037005552823e-01
-6.202780580115535569e-01
-6.833987191962244134e-01
-7.443034142851944202e-01
-8.027946557274984185e-01
-8.586827817571871524e-01
-9.117865713842937536e-01
-9.619338320160293332e-01
-1.008961957802791520e+00
-1.052718456898516619e+00
-1.093061445925699759e+00
-1.129860110041741361e+00
-1.162995127114835547e+00
-1.192359054633967963e+00
-1.217856678098451217e+00
-1.239405319757315382e+00
-1.256935106697453230e+00
-1.270389197411216031e+00
-1.279723966108808009e+00
-1.284909144177830864e+00
-1.285927918331284836e+00
-1.282776985125777536e+00
-1.275466561673160415e+00
-1.264020352510859757e+00
-1.248475472738327152e+00
-1.228882327668844310e+00
-1.205304449386922050e+00
-1.177818290741261098e+00
-1.146512977441273229e+00
-1.111490019061003975e+00
-1.072862979887539314e+00
-1.030757110681207456e+00
-9.853089425415997304e-01
-9.366658441963400250e-01
-8.849855441481260243e-01
-8.304356192294928274e-01
-7.731929512237220026e-01
0.000000000000000000e+00
8.398040497427287920e-02
1.664527746765745164e-01
2.459361536088667255e-01
3.210032595497541719e-01
3.903061132467156025e-01
4.526002440657347359e-01
5.067670369377289541e-01
5.518338193178878859e-01
5.869913274565984329e-01
6.116082383403067535e-01
6.252425063524080784e-01
6.276493010818549045e-01
6.187854037403419660e-01
5.988099832416440282e-01
5.680817380070621869e-01
5.271524548215461570e-01
4.767571004040485616e-01
4.178006236176804444e-01
3.513417053122455114e-01
2.785737476030626381e-01
2.008034439614050370e-01
1.194273149332195638e-01
3.590663083398818595e-02
-4.825882826736350301e-02
-1.315577040837985767e-01
-2.124941995554537333e-01
-2.896149388621185872e-01
-3.615350656779574567e-01
-4.269631110223644499e-01
-4.847241841552233921e-01
-5.337810700778931050e-01
-5.732528547923155804e-01
-6.024307438646551160e-01
-6.207907902396880839e-01
-6.280033027527071043e-01
-6.239387663903885883e-01
-6.086701679905603957e-01
-5.824716856183027591e-01
-5.458137651532418699e-01
-4.993546724977080409e-01
-4.439286731026689248e-01
-3.805310510715716465e-01
-3.103002368538919642e-01
-2.344973644612123320e-01
-1.544836252966940715e-01
-7.169582525498828518e-02
1.237941598649179228e-02
9.623236018189601504e-02
1.783572608711537777e-01
2.572794020537342297e-01
3.315815796487673883e-01
3.999295502142027336e-01
4.610959899426365083e-01
5.139825337023491425e-01
5.576394983687281703e-01
5.912829362744060901e-01
6.143087125494964829e-01
6.263033535652643424e-01
6.270514716758420759e-01
6.165396329319805524e-01
5.949565983143378922e-01
5.626899341544839839e-01
5.203190526102515756e-01
4.686048071675563143e-01
4.084758300021400501e-01
3.410118565411037750e-01
2.674243366649025622e-01
1.890346807142467556e-01
1.072505309381534544e-01
2.354048447649487869e-02
-6.059227822379961020e-02
-1.436369860046330937e-01
-2.241024058989521672e-01
-3.005436211858669715e-01
-3.715879777454024202e-01
-4.359597327944758627e-01
-4.925029633869854595e-01
-5.402023233103138145e-01
-5.782012756468678516e-01
-6.058174735987374993e-01
-6.225550133821535770e-01
-6.281133391666560151e-01
-6.223926401530625041e-01
-6.054956428749673769e-01
-5.777257665394290864e-01
-5.395816745313777307e-01
-4.917483199203197541e-01
-4.350846457650807131e-01
-3.706081610821033157e-01
-2.994766694464514600e-01
-2.229674783248750125e-01
-1.424544624787186520e-01
-5.938339330888989243e-02
2.475402284636240083e-02
1.084469312669004842e-01
1.901924592534260661e-01
2.685227031971423317e-01
3.420310877098372004e-01
4.093976234837066186e-01
0.000000000000000000e+00
1.084017395463333366e-01
2.153885710357179850e-01
3.195640544248921078e-01
4.195684446451811156e-01
5.140964396041546314e-01
6.019142175731725386e-01
6.818755415812072229e-01
7.529367206131815093e-01
8.141702323325592516e-01
8.647768295183123621e-01
9.040959721976270513e-01
9.316144493094808965e-01
9.469730773652742517e-01
9.499713886725993373e-01
9.405702479293502893e-01
9.188923630352137106e-01
8.852206834532029278e-01
8.399947070265347815e-01
7.838047434559324289e-01
7.173842093130156083e-01
6.416000551587165424e-01
5.574414497162547555e-01
4.660068687979242452e-01
3.684897575067871411e-01
2.661629528566558101e-01
1.603620701332922893e-01
5.246806984548656183e-02
-5.611076719002915103e-02
-1.639572213605549333e-01
-2.696636324425769060e-01
-3.718502730134810585e-01
-4.691833572718459022e-01
-5.603924502071155889e-01
-6.442870498863766393e-01
-7.197721264188037260e-01
-7.858624147762517387e-01
-8.416952749136958900e-01
-8.865419513334700241e-01
-9.198170851284267480e-01
-9.410863543485720184e-01
-9.500721429656855399e-01
-9.466571644420644915e-01
-9.308859926069441570e-01
-9.029644798589152588e-01
-8.632570702882185198e-01
-8.122820427892439854e-01
-7.507047462522711267e-01
-6.793289151317462027e-01
-5.990861787441955633e-01
-5.110239012251167612e-01
-4.162915108631740635e-01
-3.161254972473546143e-01
-2.118332720510373857e-01
-1.047761041092522827e-01
3.648648471860488612e-03
1.120257772589149381e-01
2.189406954256138127e-01
3.229979015735924275e-01
4.228391944417055348e-01
5.171614007572126193e-01
6.047333848370195497e-01
6.844121179220299389e-01
7.551575975004646279e-01
8.160464218864543762e-01
8.662838428724296547e-01
9.052141391386878677e-01
9.323291750217509444e-01
9.472750329286365734e-01
9.498566328277971982e-01
9.400402785210680845e-01
9.179540974615381099e-01
8.838863683766442492e-01
8.382817585251026715e-01
7.817355197006854439e-01
7.149857187391994717e-01
6.389036039395652455e-01
5.544822331408043592e-01
4.628235118863296416e-01
3.651238108592638199e-01
2.626583503164283684e-01
1.567645553424062976e-01
4.882459917829264778e-02
-5.975263752249831972e-02
-1.675499560355488970e-01
-2.731603374779594806e-01
-3.752053078489772653e-01
-4.723529304900874748e-01
-5.633351911188294592e-01
-6.469645485191469758e-01
-7.221494348612441661e-01
-7.879085033337913657e-01
-8.433834371220527704e-01
-8.878501525433850627e-01
-9.207282501117726170e-01
-9.415885901718821227e-01
-9.501588942220463574e-01
-9.463272988152224841e-01
-9.301438156508053945e-01
-9.018196787995274022e-01
